   4.6135000e+02   0.0000000e+00
   4.6142500e+02   0.0000000e+00
   4.6150000e+02   0.0000000e+00
   4.6157500e+02   0.0000000e+00
   4.6165000e+02   0.0000000e+00
   4.6172500e+02   0.0000000e+00
   4.6180000e+02   0.0000000e+00
   4.6187500e+02   1.2525009e-06
   4.6195000e+02   9.2735418e-07
   4.6202500e+02   0.0000000e+00
   4.6210000e+02   8.4534971e-07
   4.6217500e+02   3.6821772e-06
   4.6225000e+02   2.4170294e-06
   4.6232500e+02   2.9488506e-06
   4.6240000e+02   5.4899235e-06
   4.6247500e+02   4.3580059e-06
   4.6255000e+02   1.0004113e-06
   4.6262500e+02   2.3650442e-06
   4.6270000e+02   6.6987787e-06
   4.6277500e+02   4.7416255e-06
   4.6285000e+02   1.7281995e-06
   4.6292500e+02   4.5165560e-07
   4.6300000e+02   0.0000000e+00
   4.6307500e+02   0.0000000e+00
   4.6315000e+02   0.0000000e+00
   4.6322500e+02   0.0000000e+00
   4.6330000e+02   0.0000000e+00
   4.6337500e+02   0.0000000e+00
   4.6345000e+02   2.5489096e-07
   4.6352500e+02   2.2821781e-06
   4.6360000e+02   4.5149479e-06
   4.6367500e+02   4.9833460e-07
   4.6375000e+02   0.0000000e+00
   4.6382500e+02   0.0000000e+00
   4.6390000e+02   0.0000000e+00
   4.6397500e+02   0.0000000e+00
   4.6405000e+02   0.0000000e+00
   4.6412500e+02   1.9888443e-06
   4.6420000e+02   4.8564807e-06
   4.6427500e+02   5.4843399e-06
   4.6435000e+02   1.4095710e-06
   4.6442500e+02   0.0000000e+00
   4.6450000e+02   0.0000000e+00
   4.6457500e+02   1.5147236e-07
   4.6465000e+02   2.1406325e-06
   4.6472500e+02   4.2661209e-06
   4.6480000e+02   2.6980991e-06
   4.6487500e+02   8.7095550e-06
   4.6495000e+02   4.8429905e-06
   4.6502500e+02   5.0135383e-06
   4.6510000e+02   9.1102122e-06
   4.6517500e+02   3.4036361e-06
   4.6525000e+02   8.1291046e-07
   4.6532500e+02   2.6494979e-06
   4.6540000e+02   8.0401857e-06
   4.6547500e+02   4.0487564e-06
   4.6555000e+02   3.7078046e-06
   4.6562500e+02   2.5670366e-06
   4.6570000e+02   1.8157881e-07
   4.6577500e+02   0.0000000e+00
   4.6585000e+02   0.0000000e+00
   4.6592500e+02   1.0699972e-06
   4.6600000e+02   3.9917654e-06
   4.6607500e+02   1.8078553e-06
   4.6615000e+02   0.0000000e+00
   4.6622500e+02   0.0000000e+00
   4.6630000e+02   2.3008418e-06
   4.6637500e+02   5.2084940e-06
   4.6645000e+02   4.9447607e-06
   4.6652500e+02   3.3855913e-06
   4.6660000e+02   7.1137141e-06
   4.6667500e+02   4.5250697e-06
   4.6675000e+02   2.4288166e-08
   4.6682500e+02   4.9888541e-06
   4.6690000e+02   6.9186076e-06
   4.6697500e+02   3.2546947e-06
   4.6705000e+02   3.9715706e-06
   4.6712500e+02   1.4763958e-06
   4.6720000e+02   0.0000000e+00
   4.6727500e+02   0.0000000e+00
   4.6735000e+02   0.0000000e+00
   4.6742500e+02   0.0000000e+00
   4.6750000e+02   0.0000000e+00
   4.6757500e+02   0.0000000e+00
   4.6765000e+02   1.4318921e-06
   4.6772500e+02   8.1057905e-06
   4.6780000e+02   5.2571477e-06
   4.6787500e+02   3.1215138e-06
   4.6795000e+02   3.5277886e-06
   4.6802500e+02   3.7853187e-08
   4.6810000e+02   0.0000000e+00
   4.6817500e+02   0.0000000e+00
   4.6825000e+02   0.0000000e+00
   4.6832500e+02   0.0000000e+00
   4.6840000e+02   0.0000000e+00
   4.6847500e+02   2.6206034e-06
   4.6855000e+02   3.4143452e-06
   4.6862500e+02   2.2594165e-06
   4.6870000e+02   4.1740423e-06
   4.6877500e+02   1.2708284e-06
   4.6885000e+02   7.3309391e-07
   4.6892500e+02   3.5352802e-06
   4.6900000e+02   5.9347957e-06
   4.6907500e+02   3.7418261e-06
   4.6915000e+02   2.2459854e-06
   4.6922500e+02   5.0428538e-06
   4.6930000e+02   4.9375790e-06
   4.6937500e+02   1.8386328e-06
   4.6945000e+02   0.0000000e+00
   4.6952500e+02   0.0000000e+00
   4.6960000e+02   0.0000000e+00
   4.6967500e+02   0.0000000e+00
   4.6975000e+02   0.0000000e+00
   4.6982500e+02   1.3220858e-06
   4.6990000e+02   3.4304637e-06
   4.6997500e+02   2.1170684e-06
   4.7005000e+02   3.4075693e-06
   4.7012500e+02   1.5666259e-06
   4.7020000e+02   5.9696456e-07
   4.7027500e+02   0.0000000e+00
   4.7035000e+02   1.4955565e-06
   4.7042500e+02   2.9363692e-06
   4.7050000e+02   1.0582772e-05
   4.7057500e+02   4.6847334e-06
   4.7065000e+02   1.6365743e-06
   4.7072500e+02   2.4557313e-06
   4.7080000e+02   5.5656905e-06
   4.7087500e+02   4.3345642e-06
   4.7095000e+02   1.3832498e-06
   4.7102500e+02   3.6786829e-07
   4.7110000e+02   4.0392944e-06
   4.7117500e+02   2.6542115e-06
   4.7125000e+02   3.6084389e-07
   4.7132500e+02   0.0000000e+00
   4.7140000e+02   0.0000000e+00
   4.7147500e+02   0.0000000e+00
   4.7155000e+02   9.5640591e-07
   4.7162500e+02   3.8529502e-06
   4.7170000e+02   6.0221555e-06
   4.7177500e+02   2.9512894e-06
   4.7185000e+02   4.4953031e-07
   4.7192500e+02   0.0000000e+00
   4.7200000e+02   0.0000000e+00
   4.7207500e+02   0.0000000e+00
   4.7215000e+02   0.0000000e+00
   4.7222500e+02   0.0000000e+00
   4.7230000e+02   0.0000000e+00
   4.7237500e+02   1.4727089e-07
   4.7245000e+02   2.0573896e-06
   4.7252500e+02   4.3592898e-06
   4.7260000e+02   7.9876308e-07
   4.7267500e+02   0.0000000e+00
   4.7275000e+02   0.0000000e+00
   4.7282500e+02   0.0000000e+00
   4.7290000e+02   0.0000000e+00
   4.7297500e+02   0.0000000e+00
   4.7305000e+02   0.0000000e+00
   4.7312500e+02   1.5129396e-06
   4.7320000e+02   4.6097204e-06
   4.7327500e+02   5.2792738e-06
   4.7335000e+02   2.9323097e-06
   4.7342500e+02   2.8539235e-06
   4.7350000e+02   3.4206869e-06
   4.7357500e+02   1.8610044e-06
   4.7365000e+02   3.9275172e-06
   4.7372500e+02   1.0810963e-06
   4.7380000e+02   0.0000000e+00
   4.7387500e+02   0.0000000e+00
   4.7395000e+02   3.3228006e-07
   4.7402500e+02   3.1256972e-06
   4.7410000e+02   6.2300342e-06
   4.7417500e+02   4.9916201e-06
   4.7425000e+02   6.1823036e-07
   4.7432500e+02   1.0123238e-06
   4.7440000e+02   3.5184125e-06
   4.7447500e+02   2.3388817e-06
   4.7455000e+02   2.4448287e-07
   4.7462500e+02   2.5264660e-06
   4.7470000e+02   4.1942595e-06
   4.7477500e+02   6.0616826e-07
   4.7485000e+02   0.0000000e+00
   4.7492500e+02   0.0000000e+00
   4.7500000e+02   0.0000000e+00
   4.7507500e+02   1.6130763e-07
   4.7515000e+02   2.7057355e-06
   4.7522500e+02   3.6605139e-06
   4.7530000e+02   2.4170425e-06
   4.7537500e+02   3.6126217e-06
   4.7545000e+02   1.5422163e-06
   4.7552500e+02   6.6225989e-07
   4.7560000e+02   3.2696389e-06
   4.7567500e+02   3.0237529e-06
   4.7575000e+02   1.3883928e-06
   4.7582500e+02   0.0000000e+00
   4.7590000e+02   0.0000000e+00
   4.7597500e+02   0.0000000e+00
   4.7605000e+02   0.0000000e+00
   4.7612500e+02   0.0000000e+00
   4.7620000e+02   0.0000000e+00
   4.7627500e+02   0.0000000e+00
   4.7635000e+02   0.0000000e+00
   4.7642500e+02   0.0000000e+00
   4.7650000e+02   0.0000000e+00
   4.7657500e+02   0.0000000e+00
   4.7665000e+02   9.6509226e-08
   4.7672500e+02   3.4379686e-06
   4.7680000e+02   2.9377495e-06
   4.7687500e+02   5.5130941e-07
   4.7695000e+02   0.0000000e+00
   4.7702500e+02   0.0000000e+00
   4.7710000e+02   0.0000000e+00
   4.7717500e+02   0.0000000e+00
   4.7725000e+02   5.2453533e-07
   4.7732500e+02   2.9377434e-06
   4.7740000e+02   3.5009471e-06
   4.7747500e+02   1.5353481e-07
   4.7755000e+02   0.0000000e+00
   4.7762500e+02   0.0000000e+00
   4.7770000e+02   0.0000000e+00
   4.7777500e+02   4.7418127e-07
   4.7785000e+02   3.3800085e-06
   4.7792500e+02   3.5828685e-06
   4.7800000e+02   2.6471333e-06
   4.7807500e+02   6.1347540e-06
   4.7815000e+02   5.3199667e-06
   4.7822500e+02   1.1136746e-06
   4.7830000e+02   4.0888384e-08
   4.7837500e+02   4.9774477e-07
   4.7845000e+02   2.8584308e-06
   4.7852500e+02   3.6022693e-06
   4.7860000e+02   1.5831582e-07
   4.7867500e+02   0.0000000e+00
   4.7875000e+02   0.0000000e+00
   4.7882500e+02   9.1379152e-07
   4.7890000e+02   3.1839018e-06
   4.7897500e+02   3.1667252e-06
   4.7905000e+02   2.5898683e-06
   4.7912500e+02   3.9814399e-06
   4.7920000e+02   2.2404102e-07
   4.7927500e+02   9.2736117e-07
   4.7935000e+02   4.3143270e-06
   4.7942500e+02   1.8545806e-06
   4.7950000e+02   9.3881036e-08
   4.7957500e+02   0.0000000e+00
   4.7965000e+02   2.7413185e-08
   4.7972500e+02   1.6151548e-06
   4.7980000e+02   4.2303062e-06
   4.7987500e+02   1.0911578e-06
   4.7995000e+02   1.3533997e-06
   4.8002500e+02   1.0804696e-05
   4.8010000e+02   8.7471010e-06
   4.8017500e+02   3.4591248e-06
   4.8025000e+02   6.2462965e-06
   4.8032500e+02   4.0435789e-06
   4.8040000e+02   2.3421403e-06
   4.8047500e+02   3.3284037e-06
   4.8055000e+02   2.4415673e-06
   4.8062500e+02   3.2973538e-06
   4.8070000e+02   3.2317717e-06
   4.8077500e+02   2.5544615e-06
   4.8085000e+02   3.3818545e-06
   4.8092500e+02   2.2836056e-06
   4.8100000e+02   4.1581550e-06
   4.8107500e+02   2.3422499e-06
   4.8115000e+02   3.6866168e-06
   4.8122500e+02   6.0710453e-06
   4.8130000e+02   3.7064833e-06
   4.8137500e+02   4.6240115e-07
   4.8145000e+02   1.4382815e-06
   4.8152500e+02   0.0000000e+00
   4.8160000e+02   0.0000000e+00
   4.8167500e+02   0.0000000e+00
   4.8175000e+02   0.0000000e+00
   4.8182500e+02   0.0000000e+00
   4.8190000e+02   2.6862470e-07
   4.8197500e+02   9.1562535e-07
   4.8205000e+02   5.2295756e-06
   4.8212500e+02   9.5055662e-07
   4.8220000e+02   4.6846604e-06
   4.8227500e+02   6.0823300e-06
   4.8235000e+02   3.5183013e-06
   4.8242500e+02   5.1299960e-06
   4.8250000e+02   7.2520673e-06
   4.8257500e+02   1.8948113e-06
   4.8265000e+02   0.0000000e+00
   4.8272500e+02   0.0000000e+00
   4.8280000e+02   0.0000000e+00
   4.8287500e+02   0.0000000e+00
   4.8295000e+02   0.0000000e+00
   4.8302500e+02   0.0000000e+00
   4.8310000e+02   0.0000000e+00
   4.8317500e+02   1.2710427e-06
   4.8325000e+02   3.5698395e-06
   4.8332500e+02   2.0287357e-06
   4.8340000e+02   0.0000000e+00
   4.8347500e+02   0.0000000e+00
   4.8355000e+02   1.3644168e-06
   4.8362500e+02   3.4841210e-06
   4.8370000e+02   7.9095988e-06
   4.8377500e+02   2.5149470e-06
   4.8385000e+02   0.0000000e+00
   4.8392500e+02   0.0000000e+00
   4.8400000e+02   0.0000000e+00
   4.8407500e+02   0.0000000e+00
   4.8415000e+02   0.0000000e+00
   4.8422500e+02   0.0000000e+00
   4.8430000e+02   0.0000000e+00
   4.8437500e+02   0.0000000e+00
   4.8445000e+02   0.0000000e+00
   4.8452500e+02   0.0000000e+00
   4.8460000e+02   2.7955202e-06
   4.8467500e+02   1.7228691e-06
   4.8475000e+02   8.9652725e-07
   4.8482500e+02   0.0000000e+00
   4.8490000e+02   0.0000000e+00
   4.8497500e+02   0.0000000e+00
   4.8505000e+02   0.0000000e+00
   4.8512500e+02   1.8957176e-07
   4.8520000e+02   2.4519852e-06
   4.8527500e+02   5.8620574e-06
   4.8535000e+02   4.5283659e-06
   4.8542500e+02   2.2339587e-06
   4.8550000e+02   4.3633025e-06
   4.8557500e+02   5.9743915e-06
   4.8565000e+02   3.2090812e-06
   4.8572500e+02   2.9033862e-06
   4.8580000e+02   6.1521899e-06
   4.8587500e+02   3.7367244e-06
   4.8595000e+02   1.2213028e-06
   4.8602500e+02   0.0000000e+00
   4.8610000e+02   0.0000000e+00
   4.8617500e+02   5.0309534e-07
   4.8625000e+02   2.7334806e-06
   4.8632500e+02   3.6330419e-06
   4.8640000e+02   0.0000000e+00
   4.8647500e+02   1.3226145e-06
   4.8655000e+02   3.8840221e-06
   4.8662500e+02   1.6629813e-06
   4.8670000e+02   5.1617261e-07
   4.8677500e+02   3.0488830e-06
   4.8685000e+02   6.1491625e-06
   4.8692500e+02   7.9228075e-06
   4.8700000e+02   9.0267089e-06
   4.8707500e+02   4.5919862e-06
   4.8715000e+02   6.8702316e-06
   4.8722500e+02   4.9060440e-06
   4.8730000e+02   5.6992235e-06
   4.8737500e+02   3.2925961e-06
   4.8745000e+02   2.2471701e-07
   4.8752500e+02   0.0000000e+00
   4.8760000e+02   0.0000000e+00
   4.8767500e+02   0.0000000e+00
   4.8775000e+02   0.0000000e+00
   4.8782500e+02   5.6713339e-07
   4.8790000e+02   2.8140676e-06
   4.8797500e+02   3.4884169e-06
   4.8805000e+02   0.0000000e+00
   4.8812500e+02   0.0000000e+00
   4.8820000e+02   0.0000000e+00
   4.8827500e+02   0.0000000e+00
   4.8835000e+02   3.8933928e-06
   4.8842500e+02   2.5567159e-06
   4.8850000e+02   4.1950914e-07
   4.8857500e+02   0.0000000e+00
   4.8865000e+02   0.0000000e+00
   4.8872500e+02   0.0000000e+00
   4.8880000e+02   0.0000000e+00
   4.8887500e+02   0.0000000e+00
   4.8895000e+02   0.0000000e+00
   4.8902500e+02   0.0000000e+00
   4.8910000e+02   0.0000000e+00
   4.8917500e+02   0.0000000e+00
   4.8925000e+02   1.4562527e-06
   4.8932500e+02   4.4544921e-06
   4.8940000e+02   5.9859088e-06
   4.8947500e+02   2.1894745e-06
   4.8955000e+02   1.6365793e-07
   4.8962500e+02   0.0000000e+00
   4.8970000e+02   0.0000000e+00
   4.8977500e+02   0.0000000e+00
   4.8985000e+02   0.0000000e+00
   4.8992500e+02   0.0000000e+00
   4.9000000e+02   7.0768002e-07
   4.9007500e+02   3.0831944e-06
   4.9015000e+02   3.1725683e-06
   4.9022500e+02   4.4836730e-06
   4.9030000e+02   9.2069887e-06
   4.9037500e+02   5.2098067e-06
   4.9045000e+02   1.2432788e-06
   4.9052500e+02   3.9492645e-07
   4.9060000e+02   3.8439572e-06
   4.9067500e+02   2.8939753e-06
   4.9075000e+02   3.8377325e-07
   4.9082500e+02   2.0905699e-06
   4.9090000e+02   5.1180329e-06
   4.9097500e+02   5.7089699e-06
   4.9105000e+02   5.9155862e-06
   4.9112500e+02   1.9808114e-06
   4.9120000e+02   1.5332937e-07
   4.9127500e+02   2.4004382e-07
   4.9135000e+02   4.8977282e-06
   4.9142500e+02   5.8964973e-06
   4.9150000e+02   4.7436458e-06
   4.9157500e+02   1.2792707e-06
   4.9165000e+02   0.0000000e+00
   4.9172500e+02   2.5274054e-07
   4.9180000e+02   3.0889147e-06
   4.9187500e+02   3.4737431e-06
   4.9195000e+02   5.6834009e-07
   4.9202500e+02   0.0000000e+00
   4.9210000e+02   0.0000000e+00
   4.9217500e+02   0.0000000e+00
   4.9225000e+02   6.5615694e-07
   4.9232500e+02   6.2054932e-06
   4.9240000e+02   6.2968504e-06
   4.9247500e+02   6.2040508e-07
   4.9255000e+02   3.2640875e-06
   4.9262500e+02   6.8937583e-06
   4.9270000e+02   5.0645424e-06
   4.9277500e+02   5.1359597e-06
   4.9285000e+02   8.5789463e-06
   4.9292500e+02   3.0269068e-06
   4.9300000e+02   2.8838235e-06
   4.9307500e+02   4.0572684e-06
   4.9315000e+02   2.2825512e-06
   4.9322500e+02   4.6526010e-06
   4.9330000e+02   5.2496308e-06
   4.9337500e+02   2.3054810e-06
   4.9345000e+02   1.0619625e-06
   4.9352500e+02   0.0000000e+00
   4.9360000e+02   2.1085798e-06
   4.9367500e+02   5.0141844e-06
   4.9375000e+02   7.1746391e-06
   4.9382500e+02   5.3119475e-06
   4.9390000e+02   3.3061454e-06
   4.9397500e+02   6.1386299e-06
   4.9405000e+02   9.3121156e-06
   4.9412500e+02   5.5285221e-06
   4.9420000e+02   5.5764794e-06
   4.9427500e+02   5.9088665e-07
   4.9435000e+02   1.0508572e-06
   4.9442500e+02   4.3019260e-06
   4.9450000e+02   5.4951756e-06
   4.9457500e+02   3.4872543e-06
   4.9465000e+02   5.0440854e-06
   4.9472500e+02   8.3577620e-06
   4.9480000e+02   8.9897572e-07
   4.9487500e+02   0.0000000e+00
   4.9495000e+02   0.0000000e+00
   4.9502500e+02   0.0000000e+00
   4.9510000e+02   0.0000000e+00
   4.9517500e+02   0.0000000e+00
   4.9525000e+02   1.8773775e-06
   4.9532500e+02   3.6937178e-06
   4.9540000e+02   8.4782184e-06
   4.9547500e+02   2.8188052e-06
   4.9555000e+02   0.0000000e+00
   4.9562500e+02   0.0000000e+00
   4.9570000e+02   3.0270122e-07
   4.9577500e+02   2.4126753e-06
   4.9585000e+02   8.3316735e-06
   4.9592500e+02   7.2536042e-06
   4.9600000e+02   4.0494340e-06
   4.9607500e+02   3.4605380e-06
   4.9615000e+02   2.2355201e-06
   4.9622500e+02   0.0000000e+00
   4.9630000e+02   0.0000000e+00
   4.9637500e+02   2.0976106e-06
   4.9645000e+02   3.5860086e-06
   4.9652500e+02   1.1859987e-06
   4.9660000e+02   1.8381539e-07
   4.9667500e+02   4.1251933e-06
   4.9675000e+02   2.4494580e-06
   4.9682500e+02   3.5948414e-07
   4.9690000e+02   0.0000000e+00
   4.9697500e+02   0.0000000e+00
   4.9705000e+02   7.2717069e-06
   4.9712500e+02   1.6329729e-05
   4.9720000e+02   9.5325044e-06
   4.9727500e+02   4.1708978e-06
   4.9735000e+02   6.0936935e-06
   4.9742500e+02   4.0747204e-06
   4.9750000e+02   4.5304588e-06
   4.9757500e+02   8.3966111e-06
   4.9765000e+02   1.9519911e-06
   4.9772500e+02   8.9896257e-07
   4.9780000e+02   4.1685431e-06
   4.9787500e+02   1.3055874e-05
   4.9795000e+02   1.5057174e-05
   4.9802500e+02   1.0647151e-05
   4.9810000e+02   7.1192693e-06
   4.9817500e+02   5.7484914e-06
   4.9825000e+02   6.1106518e-06
   4.9832500e+02   5.1514102e-06
   4.9840000e+02   2.4391687e-06
   4.9847500e+02   3.3020893e-06
   4.9855000e+02   1.0810857e-05
   4.9862500e+02   1.5610008e-05
   4.9870000e+02   1.3732219e-05
   4.9877500e+02   5.7359555e-06
   4.9885000e+02   6.3731051e-06
   4.9892500e+02   2.6610821e-06
   4.9900000e+02   6.8579084e-06
   4.9907500e+02   6.0903844e-06
   4.9915000e+02   1.1775077e-06
   4.9922500e+02   2.9844875e-06
   4.9930000e+02   1.1671117e-05
   4.9937500e+02   1.3366678e-05
   4.9945000e+02   1.5316354e-05
   4.9952500e+02   1.1393929e-05
   4.9960000e+02   6.3841664e-06
   4.9967500e+02   8.9478194e-06
   4.9975000e+02   1.8363009e-05
   4.9982500e+02   3.2297888e-05
   4.9990000e+02   2.6310034e-05
   4.9997500e+02   2.3094226e-05
   5.0005000e+02   9.9232462e-06
   5.0012500e+02   6.9188049e-06
   5.0020000e+02   6.9630314e-06
   5.0027500e+02   4.8047304e-06
   5.0035000e+02   8.8557140e-06
   5.0042500e+02   9.7463335e-06
   5.0050000e+02   1.4983536e-05
   5.0057500e+02   1.5556313e-05
   5.0065000e+02   1.8042553e-05
   5.0072500e+02   1.2385698e-05
   5.0080000e+02   1.1908723e-05
   5.0087500e+02   1.8802715e-05
   5.0095000e+02   2.7605298e-05
   5.0102500e+02   3.0777929e-05
   5.0110000e+02   2.8467879e-05
   5.0117500e+02   3.5153262e-05
   5.0125000e+02   4.2169854e-05
   5.0132500e+02   4.1361988e-05
   5.0140000e+02   4.5519716e-05
   5.0147500e+02   4.2008106e-05
   5.0155000e+02   2.3964514e-05
   5.0162500e+02   3.0719072e-05
   5.0170000e+02   3.7746442e-05
   5.0177500e+02   3.6566635e-05
   5.0185000e+02   3.7812067e-05
   5.0192500e+02   3.6568795e-05
   5.0200000e+02   4.5798610e-05
   5.0207500e+02   4.8954304e-05
   5.0215000e+02   6.8471390e-05
   5.0222500e+02   8.7003550e-05
   5.0230000e+02   8.6836025e-05
   5.0237500e+02   7.1954886e-05
   5.0245000e+02   5.9367561e-05
   5.0252500e+02   4.6272647e-05
   5.0260000e+02   6.5067226e-05
   5.0267500e+02   8.6458633e-05
   5.0275000e+02   8.1948083e-05
   5.0282500e+02   8.6585765e-05
   5.0290000e+02   9.6482238e-05
   5.0297500e+02   8.5913103e-05
   5.0305000e+02   1.0199044e-04
   5.0312500e+02   1.2362621e-04
   5.0320000e+02   1.3944950e-04
   5.0327500e+02   1.3787684e-04
   5.0335000e+02   1.2797906e-04
   5.0342500e+02   1.0312899e-04
   5.0350000e+02   1.1530798e-04
   5.0357500e+02   1.3419361e-04
   5.0365000e+02   1.4574980e-04
   5.0372500e+02   1.3578134e-04
   5.0380000e+02   1.3784110e-04
   5.0387500e+02   1.5571550e-04
   5.0395000e+02   1.9299633e-04
   5.0402500e+02   2.3486786e-04
   5.0410000e+02   2.3223878e-04
   5.0417500e+02   2.0485691e-04
   5.0425000e+02   2.2220168e-04
   5.0432500e+02   2.3571153e-04
   5.0440000e+02   2.2989756e-04
   5.0447500e+02   2.2670114e-04
   5.0455000e+02   2.5383680e-04
   5.0462500e+02   2.8786043e-04
   5.0470000e+02   3.2804495e-04
   5.0477500e+02   3.1033168e-04
   5.0485000e+02   3.4580687e-04
   5.0492500e+02   3.8698512e-04
   5.0500000e+02   4.6296002e-04
   5.0507500e+02   4.4453773e-04
   5.0515000e+02   4.4806376e-04
   5.0522500e+02   4.3965666e-04
   5.0530000e+02   4.4245362e-04
   5.0537500e+02   4.9139494e-04
   5.0545000e+02   6.8101002e-04
   5.0552500e+02   6.6027642e-04
   5.0560000e+02   6.1977894e-04
   5.0567500e+02   6.2999595e-04
   5.0575000e+02   6.7751512e-04
   5.0582500e+02   6.8257449e-04
   5.0590000e+02   8.3417658e-04
   5.0597500e+02   9.1075175e-04
   5.0605000e+02   9.1697978e-04
   5.0612500e+02   9.7420370e-04
   5.0620000e+02   1.1303398e-03
   5.0627500e+02   1.2270507e-03
   5.0635000e+02   1.3201092e-03
   5.0642500e+02   1.3522342e-03
   5.0650000e+02   1.6274889e-03
   5.0657500e+02   1.6417126e-03
   5.0665000e+02   1.8223358e-03
   5.0672500e+02   1.9557300e-03
   5.0680000e+02   2.3406283e-03
   5.0687500e+02   2.6054614e-03
   5.0695000e+02   2.9805935e-03
   5.0702500e+02   3.1950329e-03
   5.0710000e+02   3.5718477e-03
   5.0717500e+02   3.9642700e-03
   5.0725000e+02   4.5790213e-03
   5.0732500e+02   4.9031682e-03
   5.0740000e+02   5.5485937e-03
   5.0747500e+02   6.1302106e-03
   5.0755000e+02   7.2904549e-03
   5.0762500e+02   8.0629635e-03
   5.0770000e+02   9.7178144e-03
   5.0777500e+02   1.0633158e-02
   5.0785000e+02   1.2518714e-02
   5.0792500e+02   1.3935914e-02
   5.0800000e+02   1.6253373e-02
   5.0807500e+02   1.7992210e-02
   5.0815000e+02   2.1549443e-02
   5.0822500e+02   2.3744308e-02
   5.0830000e+02   2.7248465e-02
   5.0837500e+02   2.9958205e-02
   5.0845000e+02   3.4774424e-02
   5.0852500e+02   3.8574656e-02
   5.0860000e+02   4.5261878e-02
   5.0867500e+02   4.9415177e-02
   5.0875000e+02   5.6527148e-02
   5.0882500e+02   6.0529955e-02
   5.0890000e+02   7.0041823e-02
   5.0897500e+02   7.6581346e-02
   5.0905000e+02   8.7009821e-02
   5.0912500e+02   9.4101368e-02
   5.0920000e+02   1.0599059e-01
   5.0927500e+02   1.1338889e-01
   5.0935000e+02   1.2838743e-01
   5.0942500e+02   1.3726886e-01
   5.0950000e+02   1.5203123e-01
   5.0957500e+02   1.6153650e-01
   5.0965000e+02   1.7959166e-01
   5.0972500e+02   1.8895856e-01
   5.0980000e+02   2.0692998e-01
   5.0987500e+02   2.1748195e-01
   5.0995000e+02   2.3449838e-01
   5.1002500e+02   2.4351669e-01
   5.1010000e+02   2.6401792e-01
   5.1017500e+02   2.7386169e-01
   5.1025000e+02   2.9392163e-01
   5.1032500e+02   3.0009750e-01
   5.1040000e+02   3.1854708e-01
   5.1047500e+02   3.2326680e-01
   5.1055000e+02   3.4033468e-01
   5.1062500e+02   3.4212334e-01
   5.1070000e+02   3.5634458e-01
   5.1077500e+02   3.5482434e-01
   5.1085000e+02   3.6629872e-01
   5.1092500e+02   3.5903399e-01
   5.1100000e+02   3.6443829e-01
   5.1107500e+02   3.5449326e-01
   5.1115000e+02   3.5710489e-01
   5.1122500e+02   3.4425689e-01
   5.1130000e+02   3.4282789e-01
   5.1137500e+02   3.2703244e-01
   5.1145000e+02   3.2216076e-01
   5.1152500e+02   3.0222885e-01
   5.1160000e+02   2.9443392e-01
   5.1167500e+02   2.7571113e-01
   5.1175000e+02   2.6677322e-01
   5.1182500e+02   2.4746393e-01
   5.1190000e+02   2.3781965e-01
   5.1197500e+02   2.1782325e-01
   5.1205000e+02   2.0621768e-01
   5.1212500e+02   1.8833022e-01
   5.1220000e+02   1.7857200e-01
   5.1227500e+02   1.6264208e-01
   5.1235000e+02   1.5330689e-01
   5.1242500e+02   1.3703164e-01
   5.1250000e+02   1.2754962e-01
   5.1257500e+02   1.1448940e-01
   5.1265000e+02   1.0560908e-01
   5.1272500e+02   9.3585603e-02
   5.1280000e+02   8.5661613e-02
   5.1287500e+02   7.5480631e-02
   5.1295000e+02   6.9070607e-02
   5.1302500e+02   6.0423720e-02
   5.1310000e+02   5.5225199e-02
   5.1317500e+02   4.7941720e-02
   5.1325000e+02   4.3168415e-02
   5.1332500e+02   3.7923438e-02
   5.1340000e+02   3.4370197e-02
   5.1347500e+02   2.9401349e-02
   5.1355000e+02   2.6307574e-02
   5.1362500e+02   2.2752360e-02
   5.1370000e+02   2.0353874e-02
   5.1377500e+02   1.7353523e-02
   5.1385000e+02   1.5428036e-02
   5.1392500e+02   1.3110370e-02
   5.1400000e+02   1.2100418e-02
   5.1407500e+02   1.0244161e-02
   5.1415000e+02   8.9575002e-03
   5.1422500e+02   7.8051970e-03
   5.1430000e+02   7.2096605e-03
   5.1437500e+02   6.0429264e-03
   5.1445000e+02   5.5956594e-03
   5.1452500e+02   4.7624458e-03
   5.1460000e+02   4.1673059e-03
   5.1467500e+02   3.6056084e-03
   5.1475000e+02   3.2850488e-03
   5.1482500e+02   2.8522730e-03
   5.1490000e+02   2.6740178e-03
   5.1497500e+02   2.3818101e-03
   5.1505000e+02   2.3298317e-03
   5.1512500e+02   2.0028943e-03
   5.1520000e+02   1.7975484e-03
   5.1527500e+02   1.6210962e-03
   5.1535000e+02   1.5212126e-03
   5.1542500e+02   1.3286265e-03
   5.1550000e+02   1.2072630e-03
   5.1557500e+02   1.0674379e-03
   5.1565000e+02   9.4531792e-04
   5.1572500e+02   8.8672098e-04
   5.1580000e+02   9.2212786e-04
   5.1587500e+02   8.3664077e-04
   5.1595000e+02   7.2863789e-04
   5.1602500e+02   6.8121691e-04
   5.1610000e+02   6.5177611e-04
   5.1617500e+02   6.3021483e-04
   5.1625000e+02   5.8029450e-04
   5.1632500e+02   5.1448113e-04
   5.1640000e+02   5.5019416e-04
   5.1647500e+02   5.1979030e-04
   5.1655000e+02   4.4738141e-04
   5.1662500e+02   4.5562956e-04
   5.1670000e+02   4.6200538e-04
   5.1677500e+02   4.5826829e-04
   5.1685000e+02   4.2856143e-04
   5.1692500e+02   3.5072775e-04
   5.1700000e+02   3.5497105e-04
   5.1707500e+02   3.4628132e-04
   5.1715000e+02   3.3386992e-04
   5.1722500e+02   2.8002994e-04
   5.1730000e+02   2.7398631e-04
   5.1737500e+02   2.8602470e-04
   5.1745000e+02   2.5057586e-04
   5.1752500e+02   1.8442626e-04
   5.1760000e+02   1.8336941e-04
   5.1767500e+02   1.7553141e-04
   5.1775000e+02   1.3097014e-04
   5.1782500e+02   1.4727027e-04
   5.1790000e+02   1.8241151e-04
   5.1797500e+02   1.6897578e-04
   5.1805000e+02   1.6141696e-04
   5.1812500e+02   1.8645072e-04
   5.1820000e+02   1.5265207e-04
   5.1827500e+02   1.3251234e-04
   5.1835000e+02   1.0889597e-04
   5.1842500e+02   8.9590908e-05
   5.1850000e+02   1.0581854e-04
   5.1857500e+02   1.1124806e-04
   5.1865000e+02   1.0601732e-04
   5.1872500e+02   9.3737930e-05
   5.1880000e+02   9.5261161e-05
   5.1887500e+02   8.6530584e-05
   5.1895000e+02   7.7780493e-05
   5.1902500e+02   7.5696084e-05
   5.1910000e+02   8.5217631e-05
   5.1917500e+02   8.1704078e-05
   5.1925000e+02   6.4079442e-05
   5.1932500e+02   8.5120987e-05
   5.1940000e+02   6.1152041e-05
   5.1947500e+02   3.4053935e-05
   5.1955000e+02   3.4954419e-05
   5.1962500e+02   4.5567088e-05
   5.1970000e+02   5.3837653e-05
   5.1977500e+02   3.4753048e-05
   5.1985000e+02   3.6693872e-05
   5.1992500e+02   3.9581974e-05
   5.2000000e+02   3.1898604e-05
   5.2007500e+02   3.1288832e-05
   5.2015000e+02   2.0908833e-05
   5.2022500e+02   2.0703531e-05
   5.2030000e+02   2.6833340e-05
   5.2037500e+02   2.5094760e-05
   5.2045000e+02   4.1325469e-05
   5.2052500e+02   3.5217101e-05
   5.2060000e+02   2.8833282e-05
   5.2067500e+02   2.0782970e-05
   5.2075000e+02   2.2991343e-05
   5.2082500e+02   3.7306057e-05
   5.2090000e+02   4.3154132e-05
   5.2097500e+02   3.0673048e-05
   5.2105000e+02   2.6028150e-05
   5.2112500e+02   2.4914794e-05
   5.2120000e+02   2.3137788e-05
   5.2127500e+02   1.8601359e-05
   5.2135000e+02   1.8980265e-05
   5.2142500e+02   1.5946121e-05
   5.2150000e+02   1.1609308e-05
   5.2157500e+02   9.5688671e-06
   5.2165000e+02   1.2394477e-05
   5.2172500e+02   2.0330750e-05
   5.2180000e+02   2.0936289e-05
   5.2187500e+02   1.8021017e-05
   5.2195000e+02   1.2003520e-05
   5.2202500e+02   7.7035400e-06
   5.2210000e+02   1.9717971e-05
   5.2217500e+02   1.2612945e-05
   5.2225000e+02   2.1279919e-05
   5.2232500e+02   1.6906800e-05
   5.2240000e+02   7.1565101e-06
   5.2247500e+02   8.0145390e-06
   5.2255000e+02   1.3460782e-05
   5.2262500e+02   6.8193551e-06
   5.2270000e+02   7.9899719e-06
   5.2277500e+02   8.5300494e-06
   5.2285000e+02   1.0454432e-05
   5.2292500e+02   3.6979329e-06
   5.2300000e+02   1.3853767e-05
   5.2307500e+02   2.0187995e-05
   5.2315000e+02   8.0297240e-06
   5.2322500e+02   1.5494135e-06
   5.2330000e+02   6.1499218e-06
   5.2337500e+02   8.5884904e-06
   5.2345000e+02   5.4143246e-06
   5.2352500e+02   6.6290236e-06
   5.2360000e+02   1.1743161e-05
   5.2367500e+02   9.7656314e-06
   5.2375000e+02   3.4588355e-06
   5.2382500e+02   6.4947713e-06
   5.2390000e+02   7.6856999e-06
   5.2397500e+02   7.3052727e-06
   5.2405000e+02   1.2219899e-05
   5.2412500e+02   1.0708655e-05
   5.2420000e+02   9.3547033e-07
   5.2427500e+02   1.7082045e-06
   5.2435000e+02   5.2328043e-06
   5.2442500e+02   1.0368103e-05
   5.2450000e+02   4.3793553e-06
   5.2457500e+02   3.6396647e-06
   5.2465000e+02   3.2224528e-06
   5.2472500e+02   3.3780575e-07
   5.2480000e+02   1.5925941e-06
   5.2487500e+02   5.2797262e-06
   5.2495000e+02   6.5832267e-06
   5.2502500e+02   5.9463357e-06
   5.2510000e+02   3.4847514e-06
   5.2517500e+02   6.1973397e-06
   5.2525000e+02   9.4928442e-06
   5.2532500e+02   4.0106551e-06
   5.2540000e+02   8.2989368e-07
   5.2547500e+02   0.0000000e+00
   5.2555000e+02   0.0000000e+00
   5.2562500e+02   0.0000000e+00
   5.2570000e+02   3.4005313e-06
   5.2577500e+02   4.3023897e-06
   5.2585000e+02   4.1108782e-06
   5.2592500e+02   7.5634366e-07
   5.2600000e+02   1.3128022e-06
   5.2607500e+02   4.4699559e-06
   5.2615000e+02   6.2718517e-06
   5.2622500e+02   6.1324185e-06
   5.2630000e+02   6.3768730e-06
   5.2637500e+02   6.0436684e-06
   5.2645000e+02   4.7151855e-06
   5.2652500e+02   7.1685443e-07
   5.2660000e+02   0.0000000e+00
   5.2667500e+02   0.0000000e+00
   5.2675000e+02   4.0848503e-07
   5.2682500e+02   3.3761270e-06
   5.2690000e+02   6.1686038e-06
   5.2697500e+02   5.8739031e-06
   5.2705000e+02   5.8654838e-06
   5.2712500e+02   8.7382135e-06
   5.2720000e+02   8.2280559e-06
   5.2727500e+02   4.1318730e-06
   5.2735000e+02   0.0000000e+00
   5.2742500e+02   3.0076130e-07
   5.2750000e+02   2.3011161e-06
   5.2757500e+02   4.3594093e-06
   5.2765000e+02   6.0311756e-07
   5.2772500e+02   3.8023669e-08
   5.2780000e+02   5.8909557e-07
   5.2787500e+02   0.0000000e+00
   5.2795000e+02   1.0713868e-06
   5.2802500e+02   0.0000000e+00
   5.2810000e+02   0.0000000e+00
   5.2817500e+02   0.0000000e+00
   5.2825000e+02   0.0000000e+00
   5.2832500e+02   8.4035602e-07
   5.2840000e+02   3.9467659e-06
   5.2847500e+02   6.0536103e-06
   5.2855000e+02   3.3104152e-06
   5.2862500e+02   4.0409597e-07
   5.2870000e+02   1.6506686e-06
   5.2877500e+02   3.8900026e-06
   5.2885000e+02   1.3289466e-06
   5.2892500e+02   0.0000000e+00
   5.2900000e+02   3.6190724e-06
   5.2907500e+02   3.0066500e-06
   5.2915000e+02   3.0643550e-06
   5.2922500e+02   4.2606613e-06
   5.2930000e+02   2.2004581e-06
   5.2937500e+02   3.4456432e-06
   5.2945000e+02   1.7883517e-06
   5.2952500e+02   0.0000000e+00
   5.2960000e+02   3.2600767e-06
   5.2967500e+02   3.1965728e-06
   5.2975000e+02   2.8180746e-06
   5.2982500e+02   4.6169171e-06
   5.2990000e+02   6.2393248e-07
   5.2997500e+02   0.0000000e+00
   5.3005000e+02   0.0000000e+00
   5.3012500e+02   0.0000000e+00
   5.3020000e+02   3.0276182e-07
   5.3027500e+02   2.3728844e-06
   5.3035000e+02   4.3332121e-06
   5.3042500e+02   3.7488015e-07
   5.3050000e+02   0.0000000e+00
   5.3057500e+02   8.8655794e-07
   5.3065000e+02   3.1788643e-06
   5.3072500e+02   2.8041957e-06
   5.3080000e+02   2.6507633e-06
   5.3087500e+02   5.3707905e-06
   5.3095000e+02   6.6630526e-06
   5.3102500e+02   5.5062274e-06
   5.3110000e+02   5.9714935e-06
   5.3117500e+02   5.9724666e-06
   5.3125000e+02   2.5475547e-06
   5.3132500e+02   3.6868972e-07
   5.3140000e+02   0.0000000e+00
   5.3147500e+02   0.0000000e+00
   5.3155000e+02   1.3831197e-06
   5.3162500e+02   3.6848621e-06
   5.3170000e+02   2.1542293e-06
   5.3177500e+02   3.8096439e-06
   5.3185000e+02   2.8723245e-06
   5.3192500e+02   2.9672199e-06
   5.3200000e+02   3.3004564e-06
   5.3207500e+02   1.0070529e-06
   5.3215000e+02   0.0000000e+00
   5.3222500e+02   0.0000000e+00
   5.3230000e+02   5.8280604e-07
   5.3237500e+02   3.1790236e-06
   5.3245000e+02   3.2419871e-06
   5.3252500e+02   1.7125864e-07
   5.3260000e+02   0.0000000e+00
   5.3267500e+02   1.4099879e-06
   5.3275000e+02   3.4982319e-06
   5.3282500e+02   1.9613980e-06
   5.3290000e+02   4.1369243e-07
   5.3297500e+02   3.0428001e-06
   5.3305000e+02   3.6848662e-06
   5.3312500e+02   4.4302455e-07
   5.3320000e+02   1.2055904e-06
   5.3327500e+02   5.1877227e-06
   5.3335000e+02   1.5754420e-06
   5.3342500e+02   3.9267853e-07
   5.3350000e+02   3.3324497e-06
   5.3357500e+02   3.2554002e-06
   5.3365000e+02   1.9715236e-06
   5.3372500e+02   1.5375664e-06
   5.3380000e+02   5.4118294e-06
   5.3387500e+02   2.3507687e-06
   5.3395000e+02   3.3882088e-06
   5.3402500e+02   6.0237705e-06
   5.3410000e+02   2.8553298e-06
   5.3417500e+02   5.4650230e-07
   5.3425000e+02   1.9421161e-06
   5.3432500e+02   3.4586463e-06
   5.3440000e+02   1.4688555e-06
   5.3447500e+02   0.0000000e+00
   5.3455000e+02   0.0000000e+00
   5.3462500e+02   0.0000000e+00
   5.3470000e+02   0.0000000e+00
   5.3477500e+02   0.0000000e+00
   5.3485000e+02   0.0000000e+00
   5.3492500e+02   6.4504663e-07
   5.3500000e+02   4.7623269e-06
   5.3507500e+02   2.7809232e-06
   5.3515000e+02   7.0447801e-06
   5.3522500e+02   8.8848072e-06
   5.3530000e+02   6.5357056e-06
   5.3537500e+02   4.1112829e-06
   5.3545000e+02   8.1417066e-07
   5.3552500e+02   1.1114682e-06
   5.3560000e+02   3.3550331e-06
   5.3567500e+02   2.4031166e-06
   5.3575000e+02   0.0000000e+00
   5.3582500e+02   0.0000000e+00
   5.3590000e+02   0.0000000e+00
   5.3597500e+02   0.0000000e+00
   5.3605000e+02   0.0000000e+00
   5.3612500e+02   0.0000000e+00
   5.3620000e+02   3.8916011e-06
   5.3627500e+02   2.5579192e-06
   5.3635000e+02   4.2009762e-07
   5.3642500e+02   2.2393707e-06
   5.3650000e+02   3.4143573e-06
   5.3657500e+02   1.2158900e-06
   5.3665000e+02   1.0589150e-06
   5.3672500e+02   3.5187985e-06
   5.3680000e+02   6.0850823e-06
   5.3687500e+02   3.4938987e-06
   5.3695000e+02   5.4289109e-06
   5.3702500e+02   1.2432503e-05
   5.3710000e+02   9.2066052e-06
   5.3717500e+02   3.2149519e-06
   5.3725000e+02   3.9090364e-06
   5.3732500e+02   2.0929933e-06
   5.3740000e+02   3.6891051e-08
   5.3747500e+02   2.6558654e-06
   5.3755000e+02   3.2644816e-06
   5.3762500e+02   2.4753449e-06
   5.3770000e+02   3.8920493e-06
   5.3777500e+02   1.4514947e-06
   5.3785000e+02   0.0000000e+00
   5.3792500e+02   0.0000000e+00
   5.3800000e+02   0.0000000e+00
   5.3807500e+02   0.0000000e+00
   5.3815000e+02   0.0000000e+00
   5.3822500e+02   0.0000000e+00
   5.3830000e+02   0.0000000e+00
   5.3837500e+02   0.0000000e+00
   5.3845000e+02   0.0000000e+00
   5.3852500e+02   2.2356458e-07
   5.3860000e+02   2.5834259e-06
   5.3867500e+02   4.0019767e-06
   5.3875000e+02   1.0806967e-06
   5.3882500e+02   4.2652873e-08
   5.3890000e+02   1.0524236e-06
   5.3897500e+02   1.0185858e-06
   5.3905000e+02   5.7697317e-06
   5.3912500e+02   5.8602756e-06
   5.3920000e+02   3.8493549e-06
   5.3927500e+02   2.0520762e-07
   5.3935000e+02   0.0000000e+00
   5.3942500e+02   1.0540791e-06
   5.3950000e+02   3.4126868e-06
   5.3957500e+02   2.4028520e-06
   5.3965000e+02   0.0000000e+00
   5.3972500e+02   0.0000000e+00
   5.3980000e+02   0.0000000e+00
   5.3987500e+02   0.0000000e+00
   5.3995000e+02   1.2865823e-09
   5.4002500e+02   0.0000000e+00
   5.4010000e+02   0.0000000e+00
   5.4017500e+02   0.0000000e+00
   5.4025000e+02   0.0000000e+00
   5.4032500e+02   0.0000000e+00
   5.4040000e+02   0.0000000e+00
   5.4047500e+02   0.0000000e+00
   5.4055000e+02   0.0000000e+00
   5.4062500e+02   0.0000000e+00
   5.4070000e+02   2.4214391e-07
   5.4077500e+02   2.7147085e-06
   5.4085000e+02   3.5641215e-06
   5.4092500e+02   2.4745429e-06
   5.4100000e+02   3.5940132e-06
   5.4107500e+02   1.3918497e-06
   5.4115000e+02   2.2393748e-07
   5.4122500e+02   4.0338591e-07
   5.4130000e+02   3.2907210e-06
   5.4137500e+02   3.5425660e-06
   5.4145000e+02   4.1047296e-07
   5.4152500e+02   1.4576530e-06
   5.4160000e+02   3.9717666e-06
   5.4167500e+02   2.4024131e-06
   5.4175000e+02   3.3306278e-06
   5.4182500e+02   2.5767753e-06
   5.4190000e+02   0.0000000e+00
   5.4197500e+02   8.9122173e-08
   5.4205000e+02   1.6083039e-06
   5.4212500e+02   4.5950138e-06
   5.4220000e+02   9.7557104e-07
   5.4227500e+02   7.4713675e-07
   5.4235000e+02   3.2939967e-06
   5.4242500e+02   2.8420171e-06
   5.4250000e+02   1.1934170e-07
   5.4257500e+02   1.8687171e-06
   5.4265000e+02   4.3767903e-06
   5.4272500e+02   8.9612954e-07
   5.4280000e+02   8.2340329e-07
   5.4287500e+02   3.4753570e-06
   5.4295000e+02   2.5816039e-06
   5.4302500e+02   2.6939914e-06
   5.4310000e+02   3.3603257e-06
   5.4317500e+02   8.2557958e-07
   5.4325000e+02   0.0000000e+00
   5.4332500e+02   0.0000000e+00
   5.4340000e+02   1.9931103e-07
   5.4347500e+02   0.0000000e+00
   5.4355000e+02   0.0000000e+00
   5.4362500e+02   0.0000000e+00
   5.4370000e+02   0.0000000e+00
   5.4377500e+02   0.0000000e+00
   5.4385000e+02   0.0000000e+00
   5.4392500e+02   0.0000000e+00
   5.4400000e+02   4.8132467e-07
   5.4407500e+02   3.2106128e-06
   5.4415000e+02   3.4352251e-06
   5.4422500e+02   3.1132020e-07
   5.4430000e+02   1.7442631e-06
   5.4437500e+02   3.4743156e-06
   5.4445000e+02   2.3115099e-06
   5.4452500e+02   4.6632794e-06
   5.4460000e+02   6.0533708e-06
   5.4467500e+02   6.2690740e-06
   5.4475000e+02   3.8063619e-06
   5.4482500e+02   5.4116932e-07
   5.4490000e+02   1.5294630e-06
   5.4497500e+02   1.8488165e-06
   5.4505000e+02   1.9106897e-06
   5.4512500e+02   0.0000000e+00
   5.4520000e+02   0.0000000e+00
   5.4527500e+02   0.0000000e+00
   5.4535000e+02   0.0000000e+00
   5.4542500e+02   0.0000000e+00
   5.4550000e+02   0.0000000e+00
   5.4557500e+02   0.0000000e+00
   5.4565000e+02   1.6954288e-07
   5.4572500e+02   0.0000000e+00
   5.4580000e+02   0.0000000e+00
   5.4587500e+02   0.0000000e+00
   5.4595000e+02   0.0000000e+00
   5.4602500e+02   1.4148203e-06
   5.4610000e+02   3.5258567e-06
   5.4617500e+02   1.9289408e-06
   5.4625000e+02   8.0632627e-07
   5.4632500e+02   9.2179633e-06
   5.4640000e+02   1.0452626e-05
   5.4647500e+02   1.5354556e-06
   5.4655000e+02   0.0000000e+00
   5.4662500e+02   0.0000000e+00
   5.4670000e+02   0.0000000e+00
   5.4677500e+02   6.8765799e-08
   5.4685000e+02   3.2667311e-06
   5.4692500e+02   3.0441383e-06
   5.4700000e+02   6.0423171e-07
   5.4707500e+02   0.0000000e+00
   5.4715000e+02   9.1045575e-10
   5.4722500e+02   1.3066648e-07
   5.4730000e+02   4.7968968e-06
   5.4737500e+02   5.7176471e-06
   5.4745000e+02   3.3985165e-06
   5.4752500e+02   1.5131489e-07
   5.4760000e+02   0.0000000e+00
   5.4767500e+02   1.5678753e-06
   5.4775000e+02   3.4284099e-06
   5.4782500e+02   1.8733327e-06
   5.4790000e+02   0.0000000e+00
   5.4797500e+02   0.0000000e+00
   5.4805000e+02   0.0000000e+00
   5.4812500e+02   0.0000000e+00
   5.4820000e+02   0.0000000e+00
   5.4827500e+02   8.9196601e-07
   5.4835000e+02   4.3057778e-06
   5.4842500e+02   1.9244958e-06
   5.4850000e+02   1.0758002e-07
   5.4857500e+02   0.0000000e+00
   5.4865000e+02   0.0000000e+00
   5.4872500e+02   1.8835277e-06
   5.4880000e+02   3.4802189e-06
   5.4887500e+02   2.5475133e-06
   5.4895000e+02   4.2801981e-06
   5.4902500e+02   5.5988063e-06
   5.4910000e+02   2.8272363e-06
   5.4917500e+02   2.5749320e-06
   5.4925000e+02   3.2749709e-06
   5.4932500e+02   1.0297130e-06
   5.4940000e+02   0.0000000e+00
   5.4947500e+02   0.0000000e+00
   5.4955000e+02   0.0000000e+00
   5.4962500e+02   0.0000000e+00
   5.4970000e+02   0.0000000e+00
   5.4977500e+02   0.0000000e+00
   5.4985000e+02   0.0000000e+00
   5.4992500e+02   0.0000000e+00
   5.5000000e+02   1.7855153e-06
   5.5007500e+02   3.6825802e-06
   5.5015000e+02   4.5600206e-06
   5.5022500e+02   2.9998042e-06
   5.5030000e+02   3.0883444e-06
   5.5037500e+02   7.8146939e-07
   5.5045000e+02   0.0000000e+00
   5.5052500e+02   0.0000000e+00
   5.5060000e+02   6.1728055e-07
   5.5067500e+02   3.7733535e-06
   5.5075000e+02   2.7949970e-06
   5.5082500e+02   2.9364108e-06
   5.5090000e+02   3.2138545e-06
   5.5097500e+02   9.5593968e-07
   5.5105000e+02   0.0000000e+00
   5.5112500e+02   0.0000000e+00
   5.5120000e+02   0.0000000e+00
   5.5127500e+02   0.0000000e+00
   5.5135000e+02   0.0000000e+00
   5.5142500e+02   5.2428680e-08
   5.5150000e+02   1.6351454e-06
   5.5157500e+02   4.3279321e-06
   5.5165000e+02   1.0441300e-06
   5.5172500e+02   0.0000000e+00
   5.5180000e+02   0.0000000e+00
   5.5187500e+02   0.0000000e+00
   5.5195000e+02   0.0000000e+00
   5.5202500e+02   0.0000000e+00
   5.5210000e+02   0.0000000e+00
   5.5217500e+02   0.0000000e+00
   5.5225000e+02   0.0000000e+00
   5.5232500e+02   0.0000000e+00
   5.5240000e+02   0.0000000e+00
   5.5247500e+02   0.0000000e+00
   5.5255000e+02   0.0000000e+00
   5.5262500e+02   0.0000000e+00
   5.5270000e+02   0.0000000e+00
   5.5277500e+02   0.0000000e+00
   5.5285000e+02   1.1415756e-06
   5.5292500e+02   5.9863225e-06
   5.5300000e+02   8.6667495e-06
   5.5307500e+02   3.9245624e-06
   5.5315000e+02   0.0000000e+00
   5.5322500e+02   0.0000000e+00
   5.5330000e+02   0.0000000e+00
   5.5337500e+02   3.5224494e-07
   5.5345000e+02   4.0022393e-06
   5.5352500e+02   2.6754684e-06
   5.5360000e+02   3.7124044e-07
   5.5367500e+02   0.0000000e+00
   5.5375000e+02   0.0000000e+00
   5.5382500e+02   0.0000000e+00
   5.5390000e+02   0.0000000e+00
   5.5397500e+02   0.0000000e+00
   5.5405000e+02   0.0000000e+00
   5.5412500e+02   0.0000000e+00
   5.5420000e+02   0.0000000e+00
   5.5427500e+02   0.0000000e+00
   5.5435000e+02   0.0000000e+00
   5.5442500e+02   0.0000000e+00
   5.5450000e+02   0.0000000e+00
   5.5457500e+02   0.0000000e+00
   5.5465000e+02   0.0000000e+00
   5.5472500e+02   0.0000000e+00
   5.5480000e+02   0.0000000e+00
   5.5487500e+02   0.0000000e+00
   5.5495000e+02   0.0000000e+00
   5.5502500e+02   0.0000000e+00
   5.5510000e+02   0.0000000e+00
   5.5517500e+02   0.0000000e+00
   5.5525000e+02   0.0000000e+00
   5.5532500e+02   0.0000000e+00
   5.5540000e+02   1.8171440e-06
   5.5547500e+02   3.6316310e-06
   5.5555000e+02   1.4208428e-06
   5.5562500e+02   0.0000000e+00
   5.5570000e+02   0.0000000e+00
   5.5577500e+02   2.8096622e-07
   5.5585000e+02   2.6223047e-06
   5.5592500e+02   4.2441967e-06
   5.5600000e+02   5.3577771e-07
   5.5607500e+02   0.0000000e+00
   5.5615000e+02   0.0000000e+00
   5.5622500e+02   0.0000000e+00
   5.5630000e+02   3.2141972e-07
   5.5637500e+02   2.8827179e-06
   5.5645000e+02   6.1935439e-06
   5.5652500e+02   4.0250730e-06
   5.5660000e+02   1.1301087e-06
   5.5667500e+02   0.0000000e+00
   5.5675000e+02   0.0000000e+00
   5.5682500e+02   0.0000000e+00
   5.5690000e+02   1.0783760e-07
   5.5697500e+02   2.3908321e-06
   5.5705000e+02   3.8248256e-06
   5.5712500e+02   8.1191019e-07
   5.5720000e+02   0.0000000e+00
   5.5727500e+02   0.0000000e+00
   5.5735000e+02   0.0000000e+00
   5.5742500e+02   0.0000000e+00
   5.5750000e+02   0.0000000e+00
   5.5757500e+02   2.2024418e-06
   5.5765000e+02   3.6498936e-06
   5.5772500e+02   1.2559206e-06
   5.5780000e+02   0.0000000e+00
   5.5787500e+02   0.0000000e+00
   5.5795000e+02   0.0000000e+00
   5.5802500e+02   0.0000000e+00
   5.5810000e+02   0.0000000e+00
   5.5817500e+02   0.0000000e+00
   5.5825000e+02   0.0000000e+00
   5.5832500e+02   4.5109807e-07
   5.5840000e+02   5.3627641e-06
   5.5847500e+02   5.4279060e-06
   5.5855000e+02   3.1048121e-06
   5.5862500e+02   0.0000000e+00
   5.5870000e+02   2.0583193e-06
   5.5877500e+02   3.5666067e-06
   5.5885000e+02   1.2473088e-06
   5.5892500e+02   0.0000000e+00
   5.5900000e+02   0.0000000e+00
   5.5907500e+02   2.6486492e-07
   5.5915000e+02   2.8914801e-06
   5.5922500e+02   3.7428090e-06
   5.5930000e+02   5.7780849e-07
   5.5937500e+02   0.0000000e+00
   5.5945000e+02   1.4461325e-06
   5.5952500e+02   0.0000000e+00
   5.5960000e+02   0.0000000e+00
   5.5967500e+02   0.0000000e+00
   5.5975000e+02   0.0000000e+00
   5.5982500e+02   0.0000000e+00
   5.5990000e+02   0.0000000e+00
   5.5997500e+02   0.0000000e+00
   5.6005000e+02   0.0000000e+00
   5.6012500e+02   0.0000000e+00
   5.6020000e+02   0.0000000e+00
   5.6027500e+02   2.7167583e-06
   5.6035000e+02   3.2743995e-06
   5.6042500e+02   2.4320648e-06
   5.6050000e+02   6.2625045e-07
   5.6057500e+02   0.0000000e+00
   5.6065000e+02   0.0000000e+00
